#=====================================================
#
# 起伏地面の情報[Elevation.txt]
# Author：小原立暉
#
#=====================================================
#=====================================================
# 起伏地面の設定
#=====================================================
SET_ELEVATION
	POS = 0.00 0.00 0.00
	ROT = 0.00 0.00 0.00
	SIZE = 10000.00 300.00
	WIDTH = 100
	DEPTH = 5
	TEXTURE = data/TEXTURE/Grass.png
	ELEV = 
		-5000.00 0.00 150.00  -4900.00 0.00 150.00  -4800.00 0.00 150.00  -4700.00 0.00 150.00  -4600.00 0.00 150.00  -4500.00 0.00 150.00  -4400.00 0.00 150.00  -4300.00 0.00 150.00  -4200.00 0.00 150.00  -4100.00 0.00 150.00  -4000.00 0.00 150.00  -3900.00 0.00 150.00  -3800.00 0.00 150.00  -3700.00 0.00 150.00  -3600.00 0.00 150.00  -3500.00 0.00 150.00  -3400.00 0.00 150.00  -3300.00 0.00 150.00  -3200.00 0.00 150.00  -3100.00 0.00 150.00  -3000.00 0.00 150.00  -2900.00 0.00 150.00  -2800.00 0.00 150.00  -2700.00 0.00 150.00  -2600.00 0.00 150.00  -2500.00 0.00 150.00  -2400.00 0.00 150.00  -2300.00 0.00 150.00  -2200.00 0.00 150.00  -2100.00 0.00 150.00  -2000.00 0.00 150.00  -1900.00 0.00 150.00  -1800.00 0.00 150.00  -1700.00 0.00 150.00  -1600.00 0.00 150.00  -1500.00 0.00 150.00  -1400.00 0.00 150.00  -1300.00 0.00 150.00  -1200.00 0.00 150.00  -1100.00 0.00 150.00  -1000.00 0.00 150.00  -900.00 0.00 150.00  -800.00 0.00 150.00  -700.00 0.00 150.00  -600.00 0.00 150.00  -500.00 0.00 150.00  -400.00 0.00 150.00  -300.00 0.00 150.00  -200.00 0.00 150.00  -100.00 0.00 150.00  0.00 0.00 150.00  100.00 0.00 150.00  200.00 0.00 150.00  300.00 0.00 150.00  400.00 0.00 150.00  500.00 0.00 150.00  600.00 0.00 150.00  700.00 0.00 150.00  800.00 0.00 150.00  900.00 0.00 150.00  1000.00 0.00 150.00  1100.00 0.00 150.00  1200.00 0.00 150.00  1300.00 0.00 150.00  1400.00 0.00 150.00  1500.00 0.00 150.00  1600.00 0.00 150.00  1700.00 0.00 150.00  1800.00 0.00 150.00  1900.00 0.00 150.00  2000.00 0.00 150.00  2100.00 0.00 150.00  2200.00 0.00 150.00  2300.00 0.00 150.00  2400.00 0.00 150.00  2500.00 0.00 150.00  2600.00 0.00 150.00  2700.00 0.00 150.00  2800.00 0.00 150.00  2900.00 0.00 150.00  3000.00 0.00 150.00  3100.00 0.00 150.00  3200.00 0.00 150.00  3300.00 0.00 150.00  3400.00 0.00 150.00  3500.00 0.00 150.00  3600.00 0.00 150.00  3700.00 0.00 150.00  3800.00 0.00 150.00  3900.00 0.00 150.00  4000.00 0.00 150.00  4100.00 0.00 150.00  4200.00 0.00 150.00  4300.00 0.00 150.00  4400.00 0.00 150.00  4500.00 0.00 150.00  4600.00 0.00 150.00  4700.00 0.00 150.00  4800.00 0.00 150.00  4900.00 0.00 150.00  5000.00 0.00 150.00  
		-5000.00 0.00 90.00  -4900.00 0.00 90.00  -4800.00 0.00 90.00  -4700.00 0.00 90.00  -4600.00 0.00 90.00  -4500.00 0.00 90.00  -4400.00 0.00 90.00  -4300.00 0.00 90.00  -4200.00 0.00 90.00  -4100.00 0.00 90.00  -4000.00 0.00 90.00  -3900.00 0.00 90.00  -3800.00 0.00 90.00  -3700.00 0.00 90.00  -3600.00 0.00 90.00  -3500.00 0.00 90.00  -3400.00 0.00 90.00  -3300.00 0.00 90.00  -3200.00 0.00 90.00  -3100.00 0.00 90.00  -3000.00 0.00 90.00  -2900.00 0.00 90.00  -2800.00 0.00 90.00  -2700.00 0.00 90.00  -2600.00 0.00 90.00  -2500.00 0.00 90.00  -2400.00 0.00 90.00  -2300.00 0.00 90.00  -2200.00 0.00 90.00  -2100.00 0.00 90.00  -2000.00 0.00 90.00  -1900.00 0.00 90.00  -1800.00 0.00 90.00  -1700.00 0.00 90.00  -1600.00 0.00 90.00  -1500.00 0.00 90.00  -1400.00 0.00 90.00  -1300.00 0.00 90.00  -1200.00 0.00 90.00  -1100.00 0.00 90.00  -1000.00 0.00 90.00  -900.00 0.00 90.00  -800.00 0.00 90.00  -700.00 0.00 90.00  -600.00 0.00 90.00  -500.00 0.00 90.00  -400.00 0.00 90.00  -300.00 0.00 90.00  -200.00 0.00 90.00  -100.00 0.00 90.00  0.00 0.00 90.00  100.00 0.00 90.00  200.00 0.00 90.00  300.00 0.00 90.00  400.00 0.00 90.00  500.00 0.00 90.00  600.00 0.00 90.00  700.00 0.00 90.00  800.00 0.00 90.00  900.00 0.00 90.00  1000.00 0.00 90.00  1100.00 0.00 90.00  1200.00 0.00 90.00  1300.00 0.00 90.00  1400.00 0.00 90.00  1500.00 0.00 90.00  1600.00 0.00 90.00  1700.00 0.00 90.00  1800.00 0.00 90.00  1900.00 0.00 90.00  2000.00 0.00 90.00  2100.00 0.00 90.00  2200.00 0.00 90.00  2300.00 0.00 90.00  2400.00 0.00 90.00  2500.00 0.00 90.00  2600.00 0.00 90.00  2700.00 0.00 90.00  2800.00 0.00 90.00  2900.00 0.00 90.00  3000.00 0.00 90.00  3100.00 0.00 90.00  3200.00 0.00 90.00  3300.00 0.00 90.00  3400.00 0.00 90.00  3500.00 0.00 90.00  3600.00 0.00 90.00  3700.00 0.00 90.00  3800.00 0.00 90.00  3900.00 0.00 90.00  4000.00 0.00 90.00  4100.00 0.00 90.00  4200.00 0.00 90.00  4300.00 0.00 90.00  4400.00 0.00 90.00  4500.00 0.00 90.00  4600.00 0.00 90.00  4700.00 0.00 90.00  4800.00 0.00 90.00  4900.00 0.00 90.00  5000.00 0.00 90.00  
		-5000.00 0.00 30.00  -4900.00 0.00 30.00  -4800.00 0.00 30.00  -4700.00 0.00 30.00  -4600.00 0.00 30.00  -4500.00 0.00 30.00  -4400.00 0.00 30.00  -4300.00 0.00 30.00  -4200.00 0.00 30.00  -4100.00 0.00 30.00  -4000.00 0.00 30.00  -3900.00 0.00 30.00  -3800.00 0.00 30.00  -3700.00 0.00 30.00  -3600.00 0.00 30.00  -3500.00 0.00 30.00  -3400.00 0.00 30.00  -3300.00 0.00 30.00  -3200.00 0.00 30.00  -3100.00 0.00 30.00  -3000.00 0.00 30.00  -2900.00 0.00 30.00  -2800.00 0.00 30.00  -2700.00 0.00 30.00  -2600.00 0.00 30.00  -2500.00 0.00 30.00  -2400.00 0.00 30.00  -2300.00 0.00 30.00  -2200.00 0.00 30.00  -2100.00 0.00 30.00  -2000.00 0.00 30.00  -1900.00 0.00 30.00  -1800.00 0.00 30.00  -1700.00 0.00 30.00  -1600.00 0.00 30.00  -1500.00 0.00 30.00  -1400.00 0.00 30.00  -1300.00 15.00 30.00  -1200.00 33.00 30.00  -1100.00 57.00 30.00  -1000.00 63.00 30.00  -900.00 81.00 30.00  -800.00 93.00 30.00  -700.00 99.00 30.00  -600.00 126.00 30.00  -500.00 150.00 30.00  -400.00 165.00 30.00  -300.00 198.00 30.00  -200.00 240.00 30.00  -100.00 288.00 30.00  0.00 303.00 30.00  100.00 303.00 30.00  200.00 306.00 30.00  300.00 303.00 30.00  400.00 288.00 30.00  500.00 264.00 30.00  600.00 237.00 30.00  700.00 225.00 30.00  800.00 222.00 30.00  900.00 204.00 30.00  1000.00 159.00 30.00  1100.00 135.00 30.00  1200.00 108.00 30.00  1300.00 63.00 30.00  1400.00 42.00 30.00  1500.00 42.00 30.00  1600.00 39.00 30.00  1700.00 24.00 30.00  1800.00 18.00 30.00  1900.00 24.00 30.00  2000.00 18.00 30.00  2100.00 9.00 30.00  2200.00 0.00 30.00  2300.00 0.00 30.00  2400.00 0.00 30.00  2500.00 0.00 30.00  2600.00 0.00 30.00  2700.00 0.00 30.00  2800.00 0.00 30.00  2900.00 0.00 30.00  3000.00 0.00 30.00  3100.00 0.00 30.00  3200.00 0.00 30.00  3300.00 0.00 30.00  3400.00 0.00 30.00  3500.00 0.00 30.00  3600.00 0.00 30.00  3700.00 0.00 30.00  3800.00 0.00 30.00  3900.00 0.00 30.00  4000.00 0.00 30.00  4100.00 0.00 30.00  4200.00 0.00 30.00  4300.00 0.00 30.00  4400.00 0.00 30.00  4500.00 0.00 30.00  4600.00 0.00 30.00  4700.00 0.00 30.00  4800.00 0.00 30.00  4900.00 0.00 30.00  5000.00 0.00 30.00  
		-5000.00 0.00 -30.00  -4900.00 0.00 -30.00  -4800.00 0.00 -30.00  -4700.00 0.00 -30.00  -4600.00 0.00 -30.00  -4500.00 0.00 -30.00  -4400.00 0.00 -30.00  -4300.00 0.00 -30.00  -4200.00 0.00 -30.00  -4100.00 0.00 -30.00  -4000.00 0.00 -30.00  -3900.00 0.00 -30.00  -3800.00 0.00 -30.00  -3700.00 0.00 -30.00  -3600.00 0.00 -30.00  -3500.00 0.00 -30.00  -3400.00 0.00 -30.00  -3300.00 0.00 -30.00  -3200.00 0.00 -30.00  -3100.00 0.00 -30.00  -3000.00 0.00 -30.00  -2900.00 0.00 -30.00  -2800.00 0.00 -30.00  -2700.00 0.00 -30.00  -2600.00 0.00 -30.00  -2500.00 0.00 -30.00  -2400.00 0.00 -30.00  -2300.00 0.00 -30.00  -2200.00 0.00 -30.00  -2100.00 0.00 -30.00  -2000.00 0.00 -30.00  -1900.00 0.00 -30.00  -1800.00 0.00 -30.00  -1700.00 0.00 -30.00  -1600.00 0.00 -30.00  -1500.00 0.00 -30.00  -1400.00 0.00 -30.00  -1300.00 15.00 -30.00  -1200.00 33.00 -30.00  -1100.00 57.00 -30.00  -1000.00 63.00 -30.00  -900.00 81.00 -30.00  -800.00 93.00 -30.00  -700.00 99.00 -30.00  -600.00 126.00 -30.00  -500.00 150.00 -30.00  -400.00 165.00 -30.00  -300.00 198.00 -30.00  -200.00 240.00 -30.00  -100.00 288.00 -30.00  0.00 303.00 -30.00  100.00 303.00 -30.00  200.00 306.00 -30.00  300.00 303.00 -30.00  400.00 288.00 -30.00  500.00 264.00 -30.00  600.00 237.00 -30.00  700.00 225.00 -30.00  800.00 222.00 -30.00  900.00 204.00 -30.00  1000.00 159.00 -30.00  1100.00 135.00 -30.00  1200.00 108.00 -30.00  1300.00 63.00 -30.00  1400.00 42.00 -30.00  1500.00 42.00 -30.00  1600.00 39.00 -30.00  1700.00 24.00 -30.00  1800.00 18.00 -30.00  1900.00 24.00 -30.00  2000.00 18.00 -30.00  2100.00 9.00 -30.00  2200.00 0.00 -30.00  2300.00 0.00 -30.00  2400.00 0.00 -30.00  2500.00 0.00 -30.00  2600.00 0.00 -30.00  2700.00 0.00 -30.00  2800.00 0.00 -30.00  2900.00 0.00 -30.00  3000.00 0.00 -30.00  3100.00 0.00 -30.00  3200.00 0.00 -30.00  3300.00 0.00 -30.00  3400.00 0.00 -30.00  3500.00 0.00 -30.00  3600.00 0.00 -30.00  3700.00 0.00 -30.00  3800.00 0.00 -30.00  3900.00 0.00 -30.00  4000.00 0.00 -30.00  4100.00 0.00 -30.00  4200.00 0.00 -30.00  4300.00 0.00 -30.00  4400.00 0.00 -30.00  4500.00 0.00 -30.00  4600.00 0.00 -30.00  4700.00 0.00 -30.00  4800.00 0.00 -30.00  4900.00 0.00 -30.00  5000.00 0.00 -30.00  
		-5000.00 0.00 -90.00  -4900.00 0.00 -90.00  -4800.00 0.00 -90.00  -4700.00 0.00 -90.00  -4600.00 0.00 -90.00  -4500.00 0.00 -90.00  -4400.00 0.00 -90.00  -4300.00 0.00 -90.00  -4200.00 0.00 -90.00  -4100.00 0.00 -90.00  -4000.00 0.00 -90.00  -3900.00 0.00 -90.00  -3800.00 0.00 -90.00  -3700.00 0.00 -90.00  -3600.00 0.00 -90.00  -3500.00 0.00 -90.00  -3400.00 0.00 -90.00  -3300.00 0.00 -90.00  -3200.00 0.00 -90.00  -3100.00 0.00 -90.00  -3000.00 0.00 -90.00  -2900.00 0.00 -90.00  -2800.00 0.00 -90.00  -2700.00 0.00 -90.00  -2600.00 0.00 -90.00  -2500.00 0.00 -90.00  -2400.00 0.00 -90.00  -2300.00 0.00 -90.00  -2200.00 0.00 -90.00  -2100.00 0.00 -90.00  -2000.00 0.00 -90.00  -1900.00 0.00 -90.00  -1800.00 0.00 -90.00  -1700.00 0.00 -90.00  -1600.00 0.00 -90.00  -1500.00 0.00 -90.00  -1400.00 0.00 -90.00  -1300.00 0.00 -90.00  -1200.00 0.00 -90.00  -1100.00 0.00 -90.00  -1000.00 0.00 -90.00  -900.00 0.00 -90.00  -800.00 0.00 -90.00  -700.00 0.00 -90.00  -600.00 0.00 -90.00  -500.00 0.00 -90.00  -400.00 0.00 -90.00  -300.00 0.00 -90.00  -200.00 0.00 -90.00  -100.00 0.00 -90.00  0.00 0.00 -90.00  100.00 0.00 -90.00  200.00 0.00 -90.00  300.00 0.00 -90.00  400.00 0.00 -90.00  500.00 0.00 -90.00  600.00 0.00 -90.00  700.00 0.00 -90.00  800.00 0.00 -90.00  900.00 0.00 -90.00  1000.00 0.00 -90.00  1100.00 0.00 -90.00  1200.00 0.00 -90.00  1300.00 0.00 -90.00  1400.00 0.00 -90.00  1500.00 0.00 -90.00  1600.00 0.00 -90.00  1700.00 0.00 -90.00  1800.00 0.00 -90.00  1900.00 0.00 -90.00  2000.00 0.00 -90.00  2100.00 0.00 -90.00  2200.00 0.00 -90.00  2300.00 0.00 -90.00  2400.00 0.00 -90.00  2500.00 0.00 -90.00  2600.00 0.00 -90.00  2700.00 0.00 -90.00  2800.00 0.00 -90.00  2900.00 0.00 -90.00  3000.00 0.00 -90.00  3100.00 0.00 -90.00  3200.00 0.00 -90.00  3300.00 0.00 -90.00  3400.00 0.00 -90.00  3500.00 0.00 -90.00  3600.00 0.00 -90.00  3700.00 0.00 -90.00  3800.00 0.00 -90.00  3900.00 0.00 -90.00  4000.00 0.00 -90.00  4100.00 0.00 -90.00  4200.00 0.00 -90.00  4300.00 0.00 -90.00  4400.00 0.00 -90.00  4500.00 0.00 -90.00  4600.00 0.00 -90.00  4700.00 0.00 -90.00  4800.00 0.00 -90.00  4900.00 0.00 -90.00  5000.00 0.00 -90.00  
		-5000.00 0.00 -150.00  -4900.00 0.00 -150.00  -4800.00 0.00 -150.00  -4700.00 0.00 -150.00  -4600.00 0.00 -150.00  -4500.00 0.00 -150.00  -4400.00 0.00 -150.00  -4300.00 0.00 -150.00  -4200.00 0.00 -150.00  -4100.00 0.00 -150.00  -4000.00 0.00 -150.00  -3900.00 0.00 -150.00  -3800.00 0.00 -150.00  -3700.00 0.00 -150.00  -3600.00 0.00 -150.00  -3500.00 0.00 -150.00  -3400.00 0.00 -150.00  -3300.00 0.00 -150.00  -3200.00 0.00 -150.00  -3100.00 0.00 -150.00  -3000.00 0.00 -150.00  -2900.00 0.00 -150.00  -2800.00 0.00 -150.00  -2700.00 0.00 -150.00  -2600.00 0.00 -150.00  -2500.00 0.00 -150.00  -2400.00 0.00 -150.00  -2300.00 0.00 -150.00  -2200.00 0.00 -150.00  -2100.00 0.00 -150.00  -2000.00 0.00 -150.00  -1900.00 0.00 -150.00  -1800.00 0.00 -150.00  -1700.00 0.00 -150.00  -1600.00 0.00 -150.00  -1500.00 0.00 -150.00  -1400.00 0.00 -150.00  -1300.00 0.00 -150.00  -1200.00 0.00 -150.00  -1100.00 0.00 -150.00  -1000.00 0.00 -150.00  -900.00 0.00 -150.00  -800.00 0.00 -150.00  -700.00 0.00 -150.00  -600.00 0.00 -150.00  -500.00 0.00 -150.00  -400.00 0.00 -150.00  -300.00 0.00 -150.00  -200.00 0.00 -150.00  -100.00 0.00 -150.00  0.00 0.00 -150.00  100.00 0.00 -150.00  200.00 0.00 -150.00  300.00 0.00 -150.00  400.00 0.00 -150.00  500.00 0.00 -150.00  600.00 0.00 -150.00  700.00 0.00 -150.00  800.00 0.00 -150.00  900.00 0.00 -150.00  1000.00 0.00 -150.00  1100.00 0.00 -150.00  1200.00 0.00 -150.00  1300.00 0.00 -150.00  1400.00 0.00 -150.00  1500.00 0.00 -150.00  1600.00 0.00 -150.00  1700.00 0.00 -150.00  1800.00 0.00 -150.00  1900.00 0.00 -150.00  2000.00 0.00 -150.00  2100.00 0.00 -150.00  2200.00 0.00 -150.00  2300.00 0.00 -150.00  2400.00 0.00 -150.00  2500.00 0.00 -150.00  2600.00 0.00 -150.00  2700.00 0.00 -150.00  2800.00 0.00 -150.00  2900.00 0.00 -150.00  3000.00 0.00 -150.00  3100.00 0.00 -150.00  3200.00 0.00 -150.00  3300.00 0.00 -150.00  3400.00 0.00 -150.00  3500.00 0.00 -150.00  3600.00 0.00 -150.00  3700.00 0.00 -150.00  3800.00 0.00 -150.00  3900.00 0.00 -150.00  4000.00 0.00 -150.00  4100.00 0.00 -150.00  4200.00 0.00 -150.00  4300.00 0.00 -150.00  4400.00 0.00 -150.00  4500.00 0.00 -150.00  4600.00 0.00 -150.00  4700.00 0.00 -150.00  4800.00 0.00 -150.00  4900.00 0.00 -150.00  5000.00 0.00 -150.00  
END_SET_ELEVATION

#=====================================================
# 起伏地面の設定
#=====================================================
SET_ELEVATION
	POS = 0.00 0.00 1000.00
	ROT = 0.00 0.00 0.00
	SIZE = 10000.00 300.00
	WIDTH = 100
	DEPTH = 5
	TEXTURE = data/TEXTURE/Grass.png
	ELEV = 
		-5000.00 0.00 150.00  -4900.00 0.00 150.00  -4800.00 0.00 150.00  -4700.00 0.00 150.00  -4600.00 0.00 150.00  -4500.00 0.00 150.00  -4400.00 0.00 150.00  -4300.00 0.00 150.00  -4200.00 0.00 150.00  -4100.00 0.00 150.00  -4000.00 0.00 150.00  -3900.00 0.00 150.00  -3800.00 0.00 150.00  -3700.00 0.00 150.00  -3600.00 0.00 150.00  -3500.00 0.00 150.00  -3400.00 0.00 150.00  -3300.00 0.00 150.00  -3200.00 0.00 150.00  -3100.00 0.00 150.00  -3000.00 0.00 150.00  -2900.00 0.00 150.00  -2800.00 0.00 150.00  -2700.00 0.00 150.00  -2600.00 0.00 150.00  -2500.00 0.00 150.00  -2400.00 0.00 150.00  -2300.00 0.00 150.00  -2200.00 0.00 150.00  -2100.00 0.00 150.00  -2000.00 0.00 150.00  -1900.00 0.00 150.00  -1800.00 0.00 150.00  -1700.00 0.00 150.00  -1600.00 0.00 150.00  -1500.00 0.00 150.00  -1400.00 0.00 150.00  -1300.00 0.00 150.00  -1200.00 0.00 150.00  -1100.00 0.00 150.00  -1000.00 0.00 150.00  -900.00 0.00 150.00  -800.00 0.00 150.00  -700.00 0.00 150.00  -600.00 0.00 150.00  -500.00 0.00 150.00  -400.00 0.00 150.00  -300.00 0.00 150.00  -200.00 0.00 150.00  -100.00 0.00 150.00  0.00 0.00 150.00  100.00 0.00 150.00  200.00 0.00 150.00  300.00 0.00 150.00  400.00 0.00 150.00  500.00 0.00 150.00  600.00 0.00 150.00  700.00 0.00 150.00  800.00 0.00 150.00  900.00 0.00 150.00  1000.00 0.00 150.00  1100.00 0.00 150.00  1200.00 0.00 150.00  1300.00 0.00 150.00  1400.00 0.00 150.00  1500.00 0.00 150.00  1600.00 0.00 150.00  1700.00 0.00 150.00  1800.00 0.00 150.00  1900.00 0.00 150.00  2000.00 0.00 150.00  2100.00 0.00 150.00  2200.00 0.00 150.00  2300.00 0.00 150.00  2400.00 0.00 150.00  2500.00 0.00 150.00  2600.00 0.00 150.00  2700.00 0.00 150.00  2800.00 0.00 150.00  2900.00 0.00 150.00  3000.00 0.00 150.00  3100.00 0.00 150.00  3200.00 0.00 150.00  3300.00 0.00 150.00  3400.00 0.00 150.00  3500.00 0.00 150.00  3600.00 0.00 150.00  3700.00 0.00 150.00  3800.00 0.00 150.00  3900.00 0.00 150.00  4000.00 0.00 150.00  4100.00 0.00 150.00  4200.00 0.00 150.00  4300.00 0.00 150.00  4400.00 0.00 150.00  4500.00 0.00 150.00  4600.00 0.00 150.00  4700.00 0.00 150.00  4800.00 0.00 150.00  4900.00 0.00 150.00  5000.00 0.00 150.00  
		-5000.00 0.00 90.00  -4900.00 0.00 90.00  -4800.00 0.00 90.00  -4700.00 0.00 90.00  -4600.00 0.00 90.00  -4500.00 0.00 90.00  -4400.00 0.00 90.00  -4300.00 0.00 90.00  -4200.00 0.00 90.00  -4100.00 0.00 90.00  -4000.00 0.00 90.00  -3900.00 0.00 90.00  -3800.00 0.00 90.00  -3700.00 0.00 90.00  -3600.00 0.00 90.00  -3500.00 0.00 90.00  -3400.00 0.00 90.00  -3300.00 0.00 90.00  -3200.00 0.00 90.00  -3100.00 0.00 90.00  -3000.00 0.00 90.00  -2900.00 0.00 90.00  -2800.00 0.00 90.00  -2700.00 0.00 90.00  -2600.00 0.00 90.00  -2500.00 0.00 90.00  -2400.00 0.00 90.00  -2300.00 0.00 90.00  -2200.00 0.00 90.00  -2100.00 0.00 90.00  -2000.00 0.00 90.00  -1900.00 0.00 90.00  -1800.00 0.00 90.00  -1700.00 0.00 90.00  -1600.00 0.00 90.00  -1500.00 0.00 90.00  -1400.00 0.00 90.00  -1300.00 0.00 90.00  -1200.00 0.00 90.00  -1100.00 0.00 90.00  -1000.00 0.00 90.00  -900.00 0.00 90.00  -800.00 0.00 90.00  -700.00 0.00 90.00  -600.00 0.00 90.00  -500.00 0.00 90.00  -400.00 0.00 90.00  -300.00 0.00 90.00  -200.00 0.00 90.00  -100.00 0.00 90.00  0.00 0.00 90.00  100.00 0.00 90.00  200.00 0.00 90.00  300.00 0.00 90.00  400.00 0.00 90.00  500.00 0.00 90.00  600.00 0.00 90.00  700.00 0.00 90.00  800.00 0.00 90.00  900.00 0.00 90.00  1000.00 0.00 90.00  1100.00 0.00 90.00  1200.00 0.00 90.00  1300.00 0.00 90.00  1400.00 0.00 90.00  1500.00 0.00 90.00  1600.00 0.00 90.00  1700.00 0.00 90.00  1800.00 0.00 90.00  1900.00 0.00 90.00  2000.00 0.00 90.00  2100.00 0.00 90.00  2200.00 0.00 90.00  2300.00 0.00 90.00  2400.00 0.00 90.00  2500.00 0.00 90.00  2600.00 0.00 90.00  2700.00 0.00 90.00  2800.00 0.00 90.00  2900.00 0.00 90.00  3000.00 0.00 90.00  3100.00 0.00 90.00  3200.00 0.00 90.00  3300.00 0.00 90.00  3400.00 0.00 90.00  3500.00 0.00 90.00  3600.00 0.00 90.00  3700.00 0.00 90.00  3800.00 0.00 90.00  3900.00 0.00 90.00  4000.00 0.00 90.00  4100.00 0.00 90.00  4200.00 0.00 90.00  4300.00 0.00 90.00  4400.00 0.00 90.00  4500.00 0.00 90.00  4600.00 0.00 90.00  4700.00 0.00 90.00  4800.00 0.00 90.00  4900.00 0.00 90.00  5000.00 0.00 90.00  
		-5000.00 0.00 30.00  -4900.00 0.00 30.00  -4800.00 0.00 30.00  -4700.00 0.00 30.00  -4600.00 0.00 30.00  -4500.00 0.00 30.00  -4400.00 0.00 30.00  -4300.00 0.00 30.00  -4200.00 0.00 30.00  -4100.00 0.00 30.00  -4000.00 0.00 30.00  -3900.00 0.00 30.00  -3800.00 0.00 30.00  -3700.00 0.00 30.00  -3600.00 0.00 30.00  -3500.00 0.00 30.00  -3400.00 0.00 30.00  -3300.00 0.00 30.00  -3200.00 0.00 30.00  -3100.00 0.00 30.00  -3000.00 0.00 30.00  -2900.00 0.00 30.00  -2800.00 0.00 30.00  -2700.00 0.00 30.00  -2600.00 0.00 30.00  -2500.00 0.00 30.00  -2400.00 0.00 30.00  -2300.00 0.00 30.00  -2200.00 0.00 30.00  -2100.00 0.00 30.00  -2000.00 0.00 30.00  -1900.00 0.00 30.00  -1800.00 0.00 30.00  -1700.00 0.00 30.00  -1600.00 0.00 30.00  -1500.00 0.00 30.00  -1400.00 0.00 30.00  -1300.00 15.00 30.00  -1200.00 33.00 30.00  -1100.00 57.00 30.00  -1000.00 63.00 30.00  -900.00 81.00 30.00  -800.00 93.00 30.00  -700.00 99.00 30.00  -600.00 126.00 30.00  -500.00 150.00 30.00  -400.00 165.00 30.00  -300.00 198.00 30.00  -200.00 240.00 30.00  -100.00 288.00 30.00  0.00 303.00 30.00  100.00 303.00 30.00  200.00 306.00 30.00  300.00 303.00 30.00  400.00 288.00 30.00  500.00 264.00 30.00  600.00 237.00 30.00  700.00 225.00 30.00  800.00 222.00 30.00  900.00 204.00 30.00  1000.00 159.00 30.00  1100.00 135.00 30.00  1200.00 108.00 30.00  1300.00 63.00 30.00  1400.00 42.00 30.00  1500.00 42.00 30.00  1600.00 39.00 30.00  1700.00 24.00 30.00  1800.00 18.00 30.00  1900.00 24.00 30.00  2000.00 18.00 30.00  2100.00 9.00 30.00  2200.00 0.00 30.00  2300.00 0.00 30.00  2400.00 0.00 30.00  2500.00 0.00 30.00  2600.00 0.00 30.00  2700.00 0.00 30.00  2800.00 0.00 30.00  2900.00 0.00 30.00  3000.00 0.00 30.00  3100.00 0.00 30.00  3200.00 0.00 30.00  3300.00 0.00 30.00  3400.00 0.00 30.00  3500.00 0.00 30.00  3600.00 0.00 30.00  3700.00 0.00 30.00  3800.00 0.00 30.00  3900.00 0.00 30.00  4000.00 0.00 30.00  4100.00 0.00 30.00  4200.00 0.00 30.00  4300.00 0.00 30.00  4400.00 0.00 30.00  4500.00 0.00 30.00  4600.00 0.00 30.00  4700.00 0.00 30.00  4800.00 0.00 30.00  4900.00 0.00 30.00  5000.00 0.00 30.00  
		-5000.00 0.00 -30.00  -4900.00 0.00 -30.00  -4800.00 0.00 -30.00  -4700.00 0.00 -30.00  -4600.00 0.00 -30.00  -4500.00 0.00 -30.00  -4400.00 0.00 -30.00  -4300.00 0.00 -30.00  -4200.00 0.00 -30.00  -4100.00 0.00 -30.00  -4000.00 0.00 -30.00  -3900.00 0.00 -30.00  -3800.00 0.00 -30.00  -3700.00 0.00 -30.00  -3600.00 0.00 -30.00  -3500.00 0.00 -30.00  -3400.00 0.00 -30.00  -3300.00 0.00 -30.00  -3200.00 0.00 -30.00  -3100.00 0.00 -30.00  -3000.00 0.00 -30.00  -2900.00 0.00 -30.00  -2800.00 0.00 -30.00  -2700.00 0.00 -30.00  -2600.00 0.00 -30.00  -2500.00 0.00 -30.00  -2400.00 0.00 -30.00  -2300.00 0.00 -30.00  -2200.00 0.00 -30.00  -2100.00 0.00 -30.00  -2000.00 0.00 -30.00  -1900.00 0.00 -30.00  -1800.00 0.00 -30.00  -1700.00 0.00 -30.00  -1600.00 0.00 -30.00  -1500.00 0.00 -30.00  -1400.00 0.00 -30.00  -1300.00 15.00 -30.00  -1200.00 33.00 -30.00  -1100.00 57.00 -30.00  -1000.00 63.00 -30.00  -900.00 81.00 -30.00  -800.00 93.00 -30.00  -700.00 99.00 -30.00  -600.00 126.00 -30.00  -500.00 150.00 -30.00  -400.00 165.00 -30.00  -300.00 198.00 -30.00  -200.00 240.00 -30.00  -100.00 288.00 -30.00  0.00 303.00 -30.00  100.00 303.00 -30.00  200.00 306.00 -30.00  300.00 303.00 -30.00  400.00 288.00 -30.00  500.00 264.00 -30.00  600.00 237.00 -30.00  700.00 225.00 -30.00  800.00 222.00 -30.00  900.00 204.00 -30.00  1000.00 159.00 -30.00  1100.00 135.00 -30.00  1200.00 108.00 -30.00  1300.00 63.00 -30.00  1400.00 42.00 -30.00  1500.00 42.00 -30.00  1600.00 39.00 -30.00  1700.00 24.00 -30.00  1800.00 18.00 -30.00  1900.00 24.00 -30.00  2000.00 18.00 -30.00  2100.00 9.00 -30.00  2200.00 0.00 -30.00  2300.00 0.00 -30.00  2400.00 0.00 -30.00  2500.00 0.00 -30.00  2600.00 0.00 -30.00  2700.00 0.00 -30.00  2800.00 0.00 -30.00  2900.00 0.00 -30.00  3000.00 0.00 -30.00  3100.00 0.00 -30.00  3200.00 0.00 -30.00  3300.00 0.00 -30.00  3400.00 0.00 -30.00  3500.00 0.00 -30.00  3600.00 0.00 -30.00  3700.00 0.00 -30.00  3800.00 0.00 -30.00  3900.00 0.00 -30.00  4000.00 0.00 -30.00  4100.00 0.00 -30.00  4200.00 0.00 -30.00  4300.00 0.00 -30.00  4400.00 0.00 -30.00  4500.00 0.00 -30.00  4600.00 0.00 -30.00  4700.00 0.00 -30.00  4800.00 0.00 -30.00  4900.00 0.00 -30.00  5000.00 0.00 -30.00  
		-5000.00 0.00 -90.00  -4900.00 0.00 -90.00  -4800.00 0.00 -90.00  -4700.00 0.00 -90.00  -4600.00 0.00 -90.00  -4500.00 0.00 -90.00  -4400.00 0.00 -90.00  -4300.00 0.00 -90.00  -4200.00 0.00 -90.00  -4100.00 0.00 -90.00  -4000.00 0.00 -90.00  -3900.00 0.00 -90.00  -3800.00 0.00 -90.00  -3700.00 0.00 -90.00  -3600.00 0.00 -90.00  -3500.00 0.00 -90.00  -3400.00 0.00 -90.00  -3300.00 0.00 -90.00  -3200.00 0.00 -90.00  -3100.00 0.00 -90.00  -3000.00 0.00 -90.00  -2900.00 0.00 -90.00  -2800.00 0.00 -90.00  -2700.00 0.00 -90.00  -2600.00 0.00 -90.00  -2500.00 0.00 -90.00  -2400.00 0.00 -90.00  -2300.00 0.00 -90.00  -2200.00 0.00 -90.00  -2100.00 0.00 -90.00  -2000.00 0.00 -90.00  -1900.00 0.00 -90.00  -1800.00 0.00 -90.00  -1700.00 0.00 -90.00  -1600.00 0.00 -90.00  -1500.00 0.00 -90.00  -1400.00 0.00 -90.00  -1300.00 0.00 -90.00  -1200.00 0.00 -90.00  -1100.00 0.00 -90.00  -1000.00 0.00 -90.00  -900.00 0.00 -90.00  -800.00 0.00 -90.00  -700.00 0.00 -90.00  -600.00 0.00 -90.00  -500.00 0.00 -90.00  -400.00 0.00 -90.00  -300.00 0.00 -90.00  -200.00 0.00 -90.00  -100.00 0.00 -90.00  0.00 0.00 -90.00  100.00 0.00 -90.00  200.00 0.00 -90.00  300.00 0.00 -90.00  400.00 0.00 -90.00  500.00 0.00 -90.00  600.00 0.00 -90.00  700.00 0.00 -90.00  800.00 0.00 -90.00  900.00 0.00 -90.00  1000.00 0.00 -90.00  1100.00 0.00 -90.00  1200.00 0.00 -90.00  1300.00 0.00 -90.00  1400.00 0.00 -90.00  1500.00 0.00 -90.00  1600.00 0.00 -90.00  1700.00 0.00 -90.00  1800.00 0.00 -90.00  1900.00 0.00 -90.00  2000.00 0.00 -90.00  2100.00 0.00 -90.00  2200.00 0.00 -90.00  2300.00 0.00 -90.00  2400.00 0.00 -90.00  2500.00 0.00 -90.00  2600.00 0.00 -90.00  2700.00 0.00 -90.00  2800.00 0.00 -90.00  2900.00 0.00 -90.00  3000.00 0.00 -90.00  3100.00 0.00 -90.00  3200.00 0.00 -90.00  3300.00 0.00 -90.00  3400.00 0.00 -90.00  3500.00 0.00 -90.00  3600.00 0.00 -90.00  3700.00 0.00 -90.00  3800.00 0.00 -90.00  3900.00 0.00 -90.00  4000.00 0.00 -90.00  4100.00 0.00 -90.00  4200.00 0.00 -90.00  4300.00 0.00 -90.00  4400.00 0.00 -90.00  4500.00 0.00 -90.00  4600.00 0.00 -90.00  4700.00 0.00 -90.00  4800.00 0.00 -90.00  4900.00 0.00 -90.00  5000.00 0.00 -90.00  
		-5000.00 0.00 -150.00  -4900.00 0.00 -150.00  -4800.00 0.00 -150.00  -4700.00 0.00 -150.00  -4600.00 0.00 -150.00  -4500.00 0.00 -150.00  -4400.00 0.00 -150.00  -4300.00 0.00 -150.00  -4200.00 0.00 -150.00  -4100.00 0.00 -150.00  -4000.00 0.00 -150.00  -3900.00 0.00 -150.00  -3800.00 0.00 -150.00  -3700.00 0.00 -150.00  -3600.00 0.00 -150.00  -3500.00 0.00 -150.00  -3400.00 0.00 -150.00  -3300.00 0.00 -150.00  -3200.00 0.00 -150.00  -3100.00 0.00 -150.00  -3000.00 0.00 -150.00  -2900.00 0.00 -150.00  -2800.00 0.00 -150.00  -2700.00 0.00 -150.00  -2600.00 0.00 -150.00  -2500.00 0.00 -150.00  -2400.00 0.00 -150.00  -2300.00 0.00 -150.00  -2200.00 0.00 -150.00  -2100.00 0.00 -150.00  -2000.00 0.00 -150.00  -1900.00 0.00 -150.00  -1800.00 0.00 -150.00  -1700.00 0.00 -150.00  -1600.00 0.00 -150.00  -1500.00 0.00 -150.00  -1400.00 0.00 -150.00  -1300.00 0.00 -150.00  -1200.00 0.00 -150.00  -1100.00 0.00 -150.00  -1000.00 0.00 -150.00  -900.00 0.00 -150.00  -800.00 0.00 -150.00  -700.00 0.00 -150.00  -600.00 0.00 -150.00  -500.00 0.00 -150.00  -400.00 0.00 -150.00  -300.00 0.00 -150.00  -200.00 0.00 -150.00  -100.00 0.00 -150.00  0.00 0.00 -150.00  100.00 0.00 -150.00  200.00 0.00 -150.00  300.00 0.00 -150.00  400.00 0.00 -150.00  500.00 0.00 -150.00  600.00 0.00 -150.00  700.00 0.00 -150.00  800.00 0.00 -150.00  900.00 0.00 -150.00  1000.00 0.00 -150.00  1100.00 0.00 -150.00  1200.00 0.00 -150.00  1300.00 0.00 -150.00  1400.00 0.00 -150.00  1500.00 0.00 -150.00  1600.00 0.00 -150.00  1700.00 0.00 -150.00  1800.00 0.00 -150.00  1900.00 0.00 -150.00  2000.00 0.00 -150.00  2100.00 0.00 -150.00  2200.00 0.00 -150.00  2300.00 0.00 -150.00  2400.00 0.00 -150.00  2500.00 0.00 -150.00  2600.00 0.00 -150.00  2700.00 0.00 -150.00  2800.00 0.00 -150.00  2900.00 0.00 -150.00  3000.00 0.00 -150.00  3100.00 0.00 -150.00  3200.00 0.00 -150.00  3300.00 0.00 -150.00  3400.00 0.00 -150.00  3500.00 0.00 -150.00  3600.00 0.00 -150.00  3700.00 0.00 -150.00  3800.00 0.00 -150.00  3900.00 0.00 -150.00  4000.00 0.00 -150.00  4100.00 0.00 -150.00  4200.00 0.00 -150.00  4300.00 0.00 -150.00  4400.00 0.00 -150.00  4500.00 0.00 -150.00  4600.00 0.00 -150.00  4700.00 0.00 -150.00  4800.00 0.00 -150.00  4900.00 0.00 -150.00  5000.00 0.00 -150.00  
END_SET_ELEVATION